0_data/processed/rasters/age_l3_sim.asc
ncols        765
nrows        1149
xllcorner    623087.395196044818
yllcorner    6127876.806660227478
cellsize     100.000000000000
NODATA_value  nan
[rows 368 to 413 of 1149, columns 288 to 383 of 765]
63 63 63 63 63 63 63 63 63 63 63 63 63 63 63 100 223 223 223 193 193 193 100 100 223 223 193 203 203 203 203 203 203 203 163 163 163 100 100 193 193 193 193 193 193 193 193 193 193 193 193 193 193 163 163 213 213 203 233 233 86 48 48 48 48 48 48 48 48 48 45 32 62 83 213 213 89 213 86 85 85 71 75 65 55 75 121 193 121 78 86 89 121 121 121 121
63 63 63 63 63 63 63 63 63 63 63 63 63 243 243 243 213 213 213 193 193 193 100 29 100 223 223 193 203 203 193 203 163 163 163 163 163 163 100 100 100 100 163 193 193 100 100 193 193 193 193 193 193 163 163 193 213 213 233 233 73 48 48 48 48 48 48 48 48 48 48 44 62 73 243 92 89 86 83 85 193 81 75 73 64 94 121 193 193 193 74 55 121 121 121 121
63 63 63 63 63 63 63 63 63 63 63 243 243 243 243 243 213 213 213 193 193 193 193 193 100 100 223 223 193 193 193 203 203 203 203 203 203 163 163 100 100 100 100 100 100 25 28 100 100 163 163 193 163 100 163 163 163 163 213 233 87 48 48 48 48 48 48 48 48 48 63 62 66 243 243 263 83 213 85 60 193 193 53 70 49 45 88 193 193 193 121 121 78 67 92 100
63 63 63 63 63 63 63 63 63 63 63 63 63 243 243 243 243 213 193 193 193 193 193 193 193 193 193 243 223 163 163 203 203 203 203 203 203 203 163 163 193 163 163 100 100 30 100 163 163 163 163 193 163 163 163 163 163 163 163 95 48 48 48 48 48 48 48 48 48 83 243 243 243 243 263 243 41 72 50 93 203 98 74 89 66 65 85 121 193 121 193 121 121 50 68 25
63 63 63 63 63 63 63 63 63 63 63 63 63 63 100 243 243 193 193 193 193 193 193 193 193 193 193 193 163 163 163 163 203 203 203 203 203 203 163 163 193 163 163 163 100 28 163 163 163 163 193 193 193 163 163 163 163 163 163 163 163 67 48 48 48 48 48 48 48 83 243 263 263 263 82 86 87 72 67 64 203 88 76 78 89 121 50 86 121 121 193 121 121 121 121 121
63 63 63 63 63 63 63 63 63 63 63 63 63 63 63 243 243 223 193 193 193 193 193 193 193 193 193 193 193 193 223 163 163 163 203 203 203 203 163 163 193 193 193 163 163 100 100 163 163 163 163 163 163 163 163 163 163 163 163 163 163 69 72 51 58 48 48 48 48 80 86 263 263 263 98 66 74 63 66 77 89 73 57 89 78 81 100 121 121 121 193 121 121 121 121 121
63 63 63 63 63 63 63 63 63 63 63 63 63 223 63 63 100 223 193 193 193 193 193 193 193 193 193 193 193 193 163 163 163 203 163 163 163 163 163 163 203 193 203 163 163 163 100 163 163 193 193 163 193 193 193 193 163 163 163 163 203 203 53 78 213 48 84 48 48 72 82 59 95 71 83 64 66 78 91 80 74 89 121 121 121 62 121 121 121 193 121 48 121 121 121 121
63 63 63 63 63 63 63 63 63 63 63 63 100 223 223 63 63 223 223 193 193 193 193 193 193 193 193 193 193 193 193 163 163 203 203 193 193 163 163 193 203 203 203 203 203 193 163 163 163 163 163 163 203 203 203 193 193 163 163 203 203 203 76 78 91 213 96 48 213 75 77 67 213 92 69 72 62 83 98 94 223 60 121 121 121 121 121 121 121 121 121 121 121 121 121 121
63 63 63 63 63 63 63 63 63 63 63 63 223 223 223 223 223 223 223 223 193 193 193 193 193 193 193 193 193 193 193 163 163 203 203 203 193 193 193 193 193 203 193 203 193 193 163 163 193 193 203 203 203 203 203 193 193 193 163 203 203 203 71 71 91 213 213 213 213 90 69 76 213 82 72 80 20 71 213 121 121 121 121 121 121 121 121 121 121 121 121 121 121 121 121 121
63 63 63 63 63 63 63 63 63 63 63 100 223 223 203 223 223 223 223 223 163 203 193 193 193 193 193 193 193 193 193 193 163 203 203 203 203 193 193 193 193 193 193 193 193 193 193 163 203 193 193 203 203 203 193 193 193 193 203 203 203 203 203 71 243 243 213 213 213 97 49 85 213 72 64 83 78 213 100 121 121 121 121 121 121 121 121 121 121 121 121 121 121 121 121 121
63 63 63 63 63 63 63 63 63 63 100 223 223 223 203 223 223 223 223 223 163 203 193 193 193 193 100 100 100 193 193 193 193 193 203 203 193 193 203 193 193 193 193 193 193 203 193 193 203 203 193 193 193 193 193 193 193 193 203 203 203 203 203 80 86 92 213 82 213 213 63 63 81 74 70 71 73 223 68 121 121 121 121 121 121 121 121 121 121 121 121 121 121 121 121 121
63 63 63 63 63 63 63 63 63 63 223 223 223 223 223 223 223 223 223 223 223 193 193 193 193 100 100 193 193 193 193 193 193 193 193 203 203 193 203 193 203 203 203 193 193 203 203 203 203 203 203 203 193 193 193 213 193 193 213 203 203 203 203 88 90 81 213 213 213 213 63 60 57 67 64 63 70 71 63 121 121 66 121 121 121 121 121 121 121 121 121 121 121 121 121 121
63 63 63 63 63 63 63 63 63 63 223 223 223 223 223 203 223 223 223 223 223 163 193 193 193 193 100 100 193 193 193 193 193 193 193 193 193 203 203 193 203 203 203 203 203 203 203 203 203 193 193 193 193 193 223 223 213 213 213 203 203 223 243 243 243 223 243 213 213 213 72 73 48 76 57 63 121 121 81 121 121 98 121 121 121 121 121 121 54 54 54 47 121 121 39 121
63 63 63 63 63 63 63 63 63 100 223 223 223 223 223 203 223 223 223 193 193 203 193 193 193 193 193 100 203 203 193 193 193 193 193 193 193 203 203 203 193 203 203 203 203 203 203 203 203 193 203 223 223 223 223 223 223 213 213 213 223 223 243 243 243 243 243 213 213 213 89 121 121 95 76 70 76 80 55 121 121 121 121 121 121 121 121 83 62 94 81 47 121 121 121 121
63 63 63 63 63 63 63 63 100 223 223 223 223 223 223 213 213 223 223 193 193 203 163 193 203 193 193 193 203 203 193 193 193 193 193 193 203 203 193 203 193 203 203 203 203 203 203 203 203 223 223 223 223 203 223 203 223 213 203 213 213 223 223 243 86 95 213 213 121 213 121 121 121 95 54 58 80 82 80 121 77 83 121 121 121 121 121 74 68 79 121 47 121 121 121 121
63 63 63 63 63 63 63 63 63 223 223 223 223 213 213 223 213 203 203 193 193 203 203 163 203 193 193 193 203 203 203 203 203 203 203 163 193 203 203 193 203 203 203 203 203 203 203 203 203 223 223 223 203 203 203 203 223 213 193 193 203 203 223 94 65 71 213 121 121 121 121 121 121 121 72 48 63 61 98 121 121 44 121 121 121 121 223 80 75 121 121 121 34 121 121 121
63 63 63 63 63 63 100 63 63 223 223 223 63 63 63 213 213 223 223 193 193 203 203 203 203 203 203 203 203 203 203 203 203 203 203 213 193 193 203 203 203 203 203 203 203 203 203 203 203 203 223 203 203 203 203 223 223 223 203 193 193 223 213 213 213 121 121 121 100 86 121 121 121 121 64 94 121 60 84 121 121 69 121 121 121 99 82 75 65 46 49 51 50 121 121 121
63 63 63 63 63 63 100 193 63 63 63 63 63 63 63 213 213 223 203 203 193 203 203 203 193 193 203 203 203 203 203 203 203 203 203 203 203 203 203 203 203 203 203 203 203 203 203 203 203 203 203 203 203 223 223 223 223 223 193 193 193 203 203 213 213 213 63 121 79 67 50 38 121 121 121 121 74 69 80 70 87 121 121 121 121 121 98 59 75 121 121 121 88 88 78 62
63 63 63 63 63 100 193 203 203 63 63 63 63 63 63 63 213 163 163 203 203 203 203 193 193 193 193 193 193 193 203 203 203 203 203 203 203 203 203 203 203 203 203 203 203 203 203 203 203 203 203 203 203 203 223 223 223 223 203 203 203 203 203 213 213 66 63 100 121 64 49 121 121 66 46 65 71 67 72 55 121 121 121 121 121 121 84 97 49 121 92 68 65 100 94 100
63 63 63 100 193 193 203 203 203 63 90 90 63 63 63 63 203 163 163 163 163 203 193 193 193 193 193 193 193 193 193 203 203 203 203 203 203 203 203 203 203 203 203 203 203 203 203 203 203 203 203 203 203 203 223 223 223 223 223 203 203 203 203 203 243 66 61 75 79 84 121 243 243 243 94 91 68 50 63 61 121 121 121 121 121 121 121 121 53 78 56 94 100 100 100 100
63 100 100 90 193 193 193 203 203 90 90 90 63 63 63 63 163 163 163 163 163 203 193 193 193 193 193 193 193 193 193 203 203 203 193 193 203 203 203 203 203 203 203 203 203 203 203 203 203 203 203 203 203 203 223 223 223 223 223 203 203 203 203 98 76 79 75 83 83 66 121 243 243 243 223 80 87 73 213 223 223 121 85 75 85 63 68 80 61 65 66 94 26 100 100 121
100 100 90 90 90 90 90 90 90 90 90 90 90 90 63 193 193 163 163 163 163 203 203 193 193 163 163 193 193 193 203 193 203 203 203 193 203 203 203 203 203 203 203 223 203 203 203 203 203 203 203 203 203 223 223 223 223 223 223 223 203 203 203 100 79 70 84 79 66 66 67 39 243 243 243 92 223 223 223 223 223 223 85 77 79 79 69 55 59 60 30 nan 100 100 67 79
90 90 90 90 90 193 90 90 90 90 90 90 90 90 183 203 193 193 163 163 163 163 203 193 163 163 163 163 193 193 193 193 193 203 203 193 203 203 203 203 203 203 223 223 223 203 203 203 203 203 203 223 223 223 223 223 223 223 223 203 203 203 193 97 80 79 78 63 61 72 72 86 86 243 98 89 121 223 223 223 223 223 223 85 65 66 100 95 35 71 100 100 121 121 100 121
100 90 90 90 90 90 90 193 90 90 90 90 90 90 90 203 193 193 193 163 163 163 163 163 193 163 193 193 193 193 193 193 203 203 203 193 193 203 203 203 203 203 203 203 223 223 203 203 203 203 223 223 223 223 223 223 223 193 193 203 193 193 193 96 71 51 91 80 83 81 121 121 88 100 243 94 81 121 121 12 223 223 223 223 77 100 100 86 70 27 100 193 121 100 100 121
100 90 90 90 90 90 90 90 193 193 90 90 90 193 193 193 183 193 193 193 163 163 163 163 163 163 163 163 193 193 193 193 203 203 203 193 193 203 203 203 203 203 203 203 223 203 223 223 203 203 223 223 223 223 223 223 163 163 163 163 193 193 72 70 74 77 96 64 78 70 89 121 121 243 243 243 59 12 12 12 77 12 12 61 63 55 45 29 25 100 121 121 121 100 39 121
193 90 90 90 90 100 90 90 90 193 90 90 90 193 193 193 183 193 193 193 163 163 163 163 163 223 163 163 163 163 193 193 193 193 163 193 203 203 203 203 203 223 203 203 203 203 203 223 223 223 223 223 223 223 223 223 163 163 163 163 163 65 84 73 82 83 83 82 84 67 68 121 121 121 121 243 80 12 12 12 12 12 12 12 69 55 79 80 25 121 121 121 121 100 100 100
193 90 90 90 90 90 90 90 90 90 90 90 193 193 193 193 183 183 193 163 163 193 193 163 213 223 223 203 203 203 193 193 163 163 223 223 203 193 193 203 203 203 203 203 203 203 203 203 223 223 223 223 223 223 223 223 83 68 163 163 163 57 79 72 51 67 163 243 243 100 89 90 121 100 121 243 12 12 12 12 12 12 12 12 18 67 243 163 100 121 121 74 100 100 100 100
183 183 90 90 90 90 90 90 90 90 90 183 193 193 193 193 193 163 163 163 163 193 203 203 213 223 223 253 203 203 193 193 163 163 223 223 223 223 223 223 203 193 193 193 203 203 223 203 223 223 223 223 253 223 253 253 100 27 62 70 68 65 77 48 34 46 45 72 243 243 97 85 83 121 100 121 22 12 12 12 12 12 12 12 60 73 80 121 121 121 121 70 100 100 100 100
183 183 183 90 90 90 90 90 90 90 90 193 193 193 193 193 193 193 163 163 163 203 203 203 213 223 253 253 253 203 203 193 163 163 223 223 223 223 223 223 223 223 223 193 193 223 223 203 223 223 253 253 253 108 108 108 108 108 80 69 76 76 72 47 59 56 67 56 55 121 75 243 243 243 121 121 121 12 12 12 12 12 12 12 53 62 69 121 121 121 84 77 100 100 100 100
183 183 183 183 183 90 90 90 90 90 90 90 193 183 193 193 193 193 163 203 263 263 203 203 253 253 253 253 253 253 203 193 193 193 163 223 223 223 223 223 223 223 223 223 223 203 203 173 223 223 108 108 108 108 108 108 31 108 67 69 42 68 79 74 78 73 64 75 77 121 75 87 243 243 243 121 121 65 12 21 12 12 12 12 61 67 65 121 121 84 74 64 100 100 100 100
203 100 100 223 223 183 90 90 90 90 90 90 90 193 183 193 193 163 163 263 263 263 263 223 253 253 253 223 253 253 253 203 193 193 163 223 223 203 223 223 223 223 223 223 223 223 203 108 108 108 108 108 108 29 23 22 15 33 76 75 24 27 59 77 39 72 54 58 83 121 243 121 90 78 92 243 121 46 34 12 12 12 12 12 12 63 94 223 82 70 74 92 70 121 121 121
183 203 203 183 183 183 90 90 90 90 90 90 90 193 193 183 193 163 163 263 91 263 85 223 223 253 253 223 223 223 253 203 203 163 223 223 223 203 203 223 223 223 223 223 223 223 203 203 108 108 108 108 24 18 22 22 26 87 92 32 25 31 108 108 163 43 58 64 59 121 74 79 83 83 61 87 121 121 51 12 12 12 12 12 12 12 29 61 75 74 73 49 48 47 121 193
163 163 100 203 183 183 90 90 90 193 90 90 90 163 193 183 183 183 213 263 93 83 223 223 223 223 223 223 223 223 223 253 253 253 203 223 223 203 223 223 223 223 223 223 223 223 223 203 108 108 108 108 24 22 24 28 108 108 108 108 29 28 108 108 67 56 76 46 49 76 73 65 75 68 78 163 243 121 12 12 12 12 12 12 24 58 75 223 89 72 49 73 67 50 193 193
163 163 163 203 90 90 90 90 90 193 90 90 90 90 193 193 213 213 263 100 71 87 97 223 223 223 223 223 223 93 223 86 253 253 253 253 223 223 223 223 193 193 223 223 223 223 223 203 108 108 108 108 108 108 108 99 108 108 108 108 29 21 78 62 62 52 73 121 121 61 65 60 66 65 57 55 223 91 91 91 12 12 12 12 12 53 79 223 75 81 26 14 14 73 49 193
163 163 163 163 90 163 90 100 100 193 90 90 90 90 163 193 213 213 213 213 61 69 97 223 223 223 223 223 223 223 88 223 223 253 253 253 223 223 223 223 193 193 223 223 223 223 203 223 108 108 108 108 108 108 108 108 108 108 108 108 26 53 71 73 50 69 68 69 61 121 173 78 78 73 57 223 163 58 91 91 91 12 33 12 12 75 62 223 57 14 14 14 14 14 14 14
203 163 163 163 163 163 163 163 100 193 100 90 100 90 163 193 183 223 223 213 75 82 77 94 223 223 223 223 223 223 223 223 223 253 253 253 253 253 253 253 193 193 223 223 223 223 223 223 108 108 108 108 108 108 108 108 108 108 108 31 31 68 108 57 61 46 56 69 61 73 163 77 67 76 73 65 81 68 67 91 91 91 84 51 64 79 66 121 84 14 14 14 14 14 14 14
100 100 163 163 163 163 163 163 163 100 163 100 163 163 193 193 183 213 213 95 92 84 96 85 223 223 223 223 223 223 223 223 223 223 223 253 253 253 253 253 100 223 223 253 253 253 223 100 100 108 108 108 108 108 108 108 108 108 108 108 82 73 108 76 63 64 64 72 73 121 121 55 55 70 66 75 91 91 76 62 91 91 64 58 62 62 60 121 75 121 26 26 14 14 14 14
163 163 100 163 163 163 163 163 163 163 163 100 100 163 193 193 193 213 86 78 77 85 263 263 223 223 223 223 223 223 223 223 223 223 223 223 253 253 253 253 223 223 253 253 253 223 223 100 100 108 108 108 108 108 108 108 108 108 108 108 108 79 83 95 79 53 70 56 58 121 121 34 54 57 59 75 64 91 75 91 91 91 91 91 91 77 77 121 53 68 78 78 49 14 14 23
193 193 163 163 163 163 163 163 163 163 163 163 100 163 193 193 193 213 193 75 77 263 263 263 223 223 223 223 223 223 223 223 223 223 153 223 223 223 223 253 253 193 223 253 253 223 29 100 105 105 108 105 105 105 108 108 108 108 108 108 108 108 108 92 72 46 57 31 58 35 32 121 74 49 49 72 71 78 91 82 91 91 91 91 91 84 91 121 86 68 100 100 72 100 63 121
163 163 163 163 163 163 163 163 163 163 163 163 163 163 193 193 193 213 213 84 96 223 223 223 223 223 223 223 223 223 223 223 223 223 223 223 86 223 97 253 253 193 193 223 223 100 100 100 105 105 105 105 105 108 108 108 108 108 108 108 108 108 45 91 71 71 57 53 29 121 31 121 71 82 57 65 65 91 91 91 91 91 91 91 91 91 86 91 121 77 100 100 100 100 121 121
163 163 163 163 163 163 163 163 163 163 163 163 193 193 193 193 193 173 223 223 203 223 223 223 223 223 223 223 223 223 223 223 213 223 223 223 80 223 86 193 253 193 193 193 193 100 100 105 105 105 105 193 193 213 223 163 163 108 108 108 108 108 108 163 163 223 60 62 40 121 37 60 36 61 61 67 73 91 91 91 91 91 91 91 91 91 73 79 97 60 100 100 80 78 100 121
100 163 163 163 163 163 163 163 163 163 163 163 163 163 193 193 193 89 223 203 203 95 60 70 78 223 223 223 223 223 193 213 213 223 223 223 223 223 85 223 193 193 193 105 105 105 105 100 105 223 223 193 213 213 223 223 163 73 72 163 108 108 108 163 163 163 72 62 41 49 49 56 40 54 69 91 91 91 91 91 91 91 91 91 91 91 70 72 62 56 65 97 77 72 100 100
100 203 163 163 163 163 163 163 163 163 163 193 163 163 193 193 193 193 223 96 203 203 203 203 203 203 223 223 193 193 193 223 223 223 223 223 223 223 96 213 193 223 223 105 105 105 223 223 223 223 223 193 213 223 263 223 223 85 76 163 108 108 108 108 163 163 68 56 41 54 54 72 65 49 60 91 91 91 91 91 91 91 91 91 91 77 77 91 86 50 50 67 65 121 79 88
100 153 153 163 163 163 163 163 193 163 193 193 163 163 163 193 193 223 223 85 79 213 213 203 203 223 223 223 193 193 223 223 223 223 223 223 223 223 213 193 223 223 263 263 105 105 223 223 223 223 223 223 223 213 213 213 213 213 76 163 108 108 108 108 108 108 76 60 40 79 54 49 49 49 49 76 91 91 91 91 91 91 91 91 91 91 91 91 50 50 50 50 55 121 121 121
100 153 153 153 163 163 163 163 163 193 193 193 163 163 163 193 193 193 223 79 203 213 213 203 203 223 223 223 223 223 223 223 223 223 223 223 223 213 213 193 193 263 263 263 223 223 223 100 223 223 223 223 223 213 213 213 213 223 163 163 108 108 108 108 108 83 78 60 49 49 49 49 49 49 49 91 91 91 91 91 91 91 91 91 91 91 50 50 50 50 50 50 121 121 121 121
100 100 193 153 163 163 163 163 163 163 163 193 163 100 100 163 193 193 223 65 193 203 203 203 223 223 223 223 223 223 223 223 223 223 223 84 223 213 213 193 223 223 223 223 223 223 223 100 223 223 223 223 223 223 213 213 223 223 223 163 108 108 108 108 108 108 63 49 49 49 49 49 49 49 49 49 49 91 91 91 91 91 91 91 50 50 50 50 50 50 50 47 47 121 121 121
