0_data/processed/rasters/age_l3_sim.asc
ncols        765
nrows        1149
xllcorner    623087.395196044818
yllcorner    6127876.806660227478
cellsize     100.000000000000
NODATA_value  nan
[rows 690 to 735 of 1149, columns 384 to 479 of 765]
88 223 223 100 83 89 90 253 253 46 72 84 44 44 44 44 44 44 44 44 44 44 44 44 44 44 44 44 44 44 44 44 44 44 44 44 44 44 44 44 44 44 44 44 44 44 67 66 86 96 47 75 77 74 75 89 42 65 81 77 90 243 54 125 125 125 125 125 97 64 55 47 54 51 51 51 51 51 51 56 64 52 51 51 100 243 86 89 72 55 243 92 59 223 223 223
83 253 91 193 73 49 223 223 223 223 79 63 46 44 44 44 44 44 44 44 44 44 44 44 44 44 44 44 44 44 44 44 44 44 44 44 44 44 44 44 44 44 44 44 44 44 79 81 223 223 223 83 77 77 70 49 53 80 68 86 76 243 125 125 243 243 125 65 84 64 53 39 50 42 51 51 51 51 51 51 77 80 51 51 66 243 80 85 68 100 243 77 92 92 52 99
253 253 94 83 77 96 223 223 223 223 223 44 45 61 44 44 44 44 44 44 44 44 44 44 44 44 44 44 44 44 44 44 44 44 44 44 44 44 44 44 44 44 44 44 44 44 223 57 223 223 223 82 79 59 72 80 50 75 73 72 70 243 243 243 243 243 243 48 93 57 40 32 47 31 51 51 51 51 51 51 51 51 51 51 51 51 69 65 69 98 100 52 52 52 52 52
253 253 223 74 99 223 223 223 223 223 223 98 223 72 52 44 44 44 44 44 44 44 44 44 44 44 44 44 44 44 44 44 44 44 44 44 44 44 44 44 44 44 44 44 223 44 100 67 223 223 223 81 81 79 72 55 95 81 65 72 90 243 125 125 100 243 84 82 55 46 43 34 34 46 46 51 51 51 51 51 71 51 51 51 51 51 51 203 233 100 82 52 52 52 52 52
94 253 253 61 99 223 223 223 223 223 223 223 223 44 44 44 44 44 44 44 44 44 44 44 44 44 44 44 44 44 44 44 44 44 44 44 44 44 44 44 44 44 44 44 44 44 53 90 223 223 223 223 93 89 96 82 85 95 95 77 233 243 243 243 243 243 86 83 71 50 42 41 43 53 46 51 51 51 51 51 100 53 51 51 51 51 51 68 81 75 60 52 52 52 52 52
87 253 99 76 81 223 223 223 223 223 223 223 70 44 44 44 44 44 44 44 44 44 44 44 44 44 44 44 44 44 44 44 44 44 44 44 44 44 44 44 44 44 44 44 44 44 44 72 223 223 73 223 62 64 84 83 85 91 86 73 243 243 243 243 243 121 121 87 85 48 33 38 45 51 51 51 51 51 51 51 51 57 72 51 51 51 51 51 51 82 85 52 52 52 52 52
82 253 74 64 52 40 223 223 223 223 223 223 44 44 44 44 44 44 44 44 44 44 44 44 44 44 44 44 44 44 44 44 44 44 44 44 44 44 44 44 44 44 44 44 44 44 44 44 223 86 73 223 220 80 89 72 60 97 91 50 67 75 91 243 121 121 86 72 49 36 33 42 44 45 51 51 51 51 51 51 51 100 51 51 51 51 57 51 51 54 83 74 52 52 52 52
94 76 74 75 72 223 223 223 223 223 223 223 44 44 44 44 44 44 44 44 44 44 44 44 44 44 44 44 44 44 44 44 44 44 44 44 44 44 44 44 44 44 44 44 44 44 44 223 95 98 223 220 70 73 71 75 77 83 70 68 58 65 81 263 73 81 74 78 47 54 52 125 43 47 51 71 51 51 51 51 51 51 51 51 51 51 51 51 51 68 79 85 61 58 52 52
99 87 50 79 223 223 223 223 223 223 223 223 44 44 44 44 82 44 44 44 44 44 44 44 44 44 44 44 44 44 44 44 44 44 44 44 44 44 44 44 44 44 44 44 44 44 47 98 223 223 223 76 223 223 86 92 69 95 89 79 68 263 61 76 71 71 65 87 99 35 37 39 43 42 46 51 51 51 51 51 51 51 51 51 51 51 51 60 69 69 76 98 81 85 83 69
79 91 66 87 223 223 223 223 223 223 223 223 44 44 44 44 44 44 44 44 44 44 44 44 44 44 44 44 44 44 44 44 44 44 44 44 44 44 44 44 44 44 44 44 44 44 44 44 223 223 223 223 223 223 233 233 94 233 233 233 86 223 99 71 71 71 71 85 38 38 31 54 41 42 51 51 51 51 51 51 51 51 51 51 51 51 51 51 51 51 66 48 78 84 83 83
90 72 84 76 223 223 223 223 223 223 223 223 223 44 44 44 44 44 44 44 44 44 44 44 44 44 44 44 44 44 44 44 44 44 44 44 44 44 44 100 44 44 44 44 44 44 44 44 223 223 223 223 85 85 85 233 233 233 233 233 233 69 77 86 71 71 71 71 51 51 51 61 48 51 51 51 51 51 51 51 51 51 51 51 51 51 51 21 21 21 35 21 33 64 82 82
82 77 92 223 223 223 223 223 223 223 223 223 223 223 44 44 44 44 44 44 44 44 44 44 44 44 44 44 44 44 44 44 44 44 44 100 nan nan nan nan 44 44 44 44 44 44 73 193 223 223 223 223 85 85 85 233 233 233 233 233 233 73 70 71 71 71 71 71 71 51 51 51 51 51 43 51 51 51 51 51 51 125 61 51 51 51 51 21 21 28 21 21 21 21 73 77
223 72 223 223 223 223 44 44 223 223 223 86 95 223 223 46 44 44 44 44 44 44 44 44 44 44 44 44 44 44 44 44 44 44 13 nan nan nan nan nan nan nan nan 223 77 44 51 193 223 223 223 223 85 85 85 233 233 233 233 233 233 87 76 71 71 71 71 71 71 51 51 51 51 39 51 51 51 51 51 31 40 125 125 125 51 51 51 21 21 21 21 21 21 21 35 67
243 223 223 223 44 44 44 44 44 44 76 76 76 76 76 76 44 44 75 75 75 44 44 44 44 44 44 44 44 44 44 44 44 44 nan nan nan nan nan nan nan nan nan nan nan 53 71 223 223 223 94 80 82 78 94 233 233 233 233 233 233 86 233 71 71 71 71 71 71 51 51 51 51 51 51 51 51 44 51 125 47 40 51 51 51 51 51 21 21 21 21 21 21 21 21 36
77 243 223 223 223 44 44 44 44 58 76 76 76 76 76 76 76 44 75 75 75 75 44 44 44 44 44 44 44 44 44 44 27 nan nan nan nan nan nan nan nan nan nan nan nan 43 72 223 223 85 60 72 89 78 75 47 75 80 233 96 96 233 51 51 51 51 51 51 51 51 51 51 51 51 51 71 74 59 243 243 243 100 51 51 51 51 51 27 21 21 21 21 21 21 30 61
223 223 223 94 223 44 44 44 44 76 76 76 76 76 76 76 76 44 75 75 75 75 75 75 75 44 44 44 44 44 44 44 25 nan nan nan nan nan nan nan nan nan nan nan nan nan 54 95 80 47 223 96 37 88 76 91 84 80 74 76 233 233 233 263 51 51 51 51 51 51 51 51 51 51 51 57 57 51 51 51 51 100 51 51 51 51 51 21 21 21 21 21 21 21 40 85
223 223 223 223 223 99 223 223 223 76 76 76 76 76 76 76 76 76 75 75 75 75 75 75 75 75 75 44 44 44 44 44 44 nan nan nan nan nan nan nan nan nan nan nan nan nan nan 82 46 62 223 223 223 87 66 60 84 86 81 67 233 233 51 51 51 51 51 51 51 51 51 51 51 51 51 51 51 51 51 51 92 51 51 51 51 51 21 21 21 21 21 21 21 21 21 33
223 223 223 223 223 223 223 223 223 76 76 76 76 76 3 76 76 76 76 75 75 75 75 75 75 75 75 44 44 44 44 44 60 nan nan nan nan nan nan nan nan nan nan nan nan nan nan 100 69 91 223 91 84 84 44 44 44 57 56 88 233 233 223 51 51 51 51 51 51 51 51 51 51 51 51 51 51 51 51 62 51 51 51 51 21 21 21 21 21 21 21 21 21 21 21 21
223 223 223 223 223 223 223 223 76 76 76 76 76 76 3 76 76 76 75 75 75 75 75 75 75 75 223 44 44 44 44 100 nan nan nan nan nan nan nan nan nan nan nan nan nan nan 32 41 52 46 223 92 74 54 70 44 44 65 65 80 233 233 223 223 51 51 87 51 51 51 51 51 51 51 51 51 51 51 51 51 51 51 51 253 26 21 21 21 21 21 21 21 21 21 28 28
223 223 223 223 223 223 223 223 76 76 76 76 76 3 3 3 76 55 75 75 75 75 75 75 75 75 100 44 44 44 100 100 nan nan nan nan 81 91 70 59 27 82 85 nan nan 11 32 12 12 21 90 95 91 44 44 44 44 44 51 88 92 100 223 223 223 100 100 51 51 51 51 51 51 51 51 51 51 51 51 51 59 223 100 99 58 62 49 21 21 21 21 21 39 45 49 60
223 223 223 223 223 223 223 24 3 3 76 76 76 3 3 3 12 3 54 75 75 75 75 75 75 75 223 223 223 223 100 nan nan nan nan nan 81 61 81 29 100 71 71 71 100 11 12 12 12 12 100 91 97 44 44 44 44 44 44 99 100 100 223 223 223 93 99 56 51 80 51 51 51 51 51 51 51 51 51 51 51 253 253 223 223 62 70 74 43 21 21 21 39 88 87 96
223 253 223 223 223 223 223 223 32 3 3 3 3 3 3 3 3 56 68 75 75 75 75 75 75 75 75 223 223 100 26 nan 100 100 100 29 100 32 71 84 71 71 71 58 65 24 12 12 12 12 13 27 44 44 44 44 44 44 44 44 86 86 223 223 86 49 83 79 56 85 51 51 51 51 51 51 51 72 253 253 51 253 253 83 253 75 74 77 80 33 30 81 95 80 82 96
253 253 223 223 223 223 223 223 223 3 3 3 3 3 3 3 3 71 71 71 75 75 75 75 75 71 100 223 223 100 71 71 71 71 91 71 71 71 71 71 71 71 71 48 34 12 12 12 12 12 12 28 80 86 44 44 44 66 92 32 223 223 223 86 57 92 87 85 80 233 51 51 51 51 51 51 55 90 253 253 85 253 223 95 253 66 74 84 71 82 75 67 62 70 78 72
253 253 253 223 100 223 253 223 3 3 3 3 3 3 3 3 3 71 71 69 75 75 75 75 71 71 71 80 71 71 71 63 53 71 71 71 71 71 83 71 71 70 69 12 12 12 12 12 12 12 32 85 100 25 89 44 44 54 82 82 223 93 223 65 78 71 74 223 223 253 51 51 51 51 51 77 76 243 253 86 84 253 253 253 253 86 43 79 73 65 72 71 80 68 80 89
223 253 223 223 223 100 100 253 16 3 3 3 3 3 3 3 3 71 71 71 71 75 75 75 75 71 71 74 82 71 60 71 62 71 71 71 71 71 71 71 71 71 75 52 12 12 12 12 12 12 12 52 85 25 100 65 83 83 83 93 223 56 77 70 76 52 52 59 223 253 223 253 83 51 71 243 243 253 253 253 253 253 253 253 253 73 73 65 83 88 88 89 81 81 88 263
223 253 223 223 223 223 100 100 253 253 3 3 3 3 3 3 3 71 71 71 71 71 71 71 71 71 71 71 71 71 71 71 65 71 71 71 74 71 71 71 71 71 71 44 49 12 12 12 12 12 12 12 27 100 100 100 83 83 83 100 223 100 73 52 52 52 52 52 69 81 223 253 253 68 100 243 78 253 253 253 253 253 253 82 86 67 69 82 83 85 91 84 263 84 99 263
223 223 223 223 223 223 223 100 100 253 3 3 3 31 29 71 71 71 71 71 71 71 71 71 71 71 71 77 76 71 71 71 71 71 71 71 71 71 71 71 71 71 63 79 60 12 12 12 12 12 12 12 12 44 68 100 83 83 83 223 223 100 83 96 52 52 52 52 52 52 223 93 253 100 243 76 98 253 253 253 253 74 253 100 223 88 82 66 46 60 63 96 263 83 80 77
223 223 223 223 223 223 223 223 223 30 5 25 85 71 71 71 71 71 71 71 61 71 71 71 71 71 71 71 71 71 73 71 71 73 71 71 71 82 71 71 71 71 63 25 12 12 12 12 12 12 12 12 36 59 94 93 56 83 83 223 223 98 94 59 52 52 52 52 52 52 96 95 223 100 223 223 76 223 253 253 100 223 223 253 223 77 73 78 64 52 65 263 243 76 263 94
69 81 89 100 96 223 223 223 223 223 223 100 71 71 71 71 71 71 71 71 85 74 71 71 71 71 71 71 71 71 71 71 71 71 71 71 71 71 71 71 71 100 76 71 43 12 12 12 12 12 12 12 81 64 89 94 96 100 100 223 86 97 84 71 52 52 52 52 52 52 65 69 79 79 83 100 82 70 253 100 30 100 223 223 223 94 74 86 67 78 86 85 73 263 263 253
69 82 88 89 89 223 223 223 223 223 223 71 71 71 71 71 71 71 71 71 77 71 71 71 71 71 71 71 71 71 71 72 76 71 71 71 71 71 71 71 71 71 71 71 71 12 12 12 12 12 12 35 45 57 81 61 89 90 76 76 86 223 84 52 52 52 52 52 62 85 76 63 54 54 54 77 76 66 76 100 94 72 223 223 223 78 78 86 78 52 69 81 68 263 100 76
69 75 79 76 72 223 223 223 223 223 71 71 71 71 71 71 71 79 71 71 71 71 71 71 71 71 71 71 71 71 71 71 71 71 71 73 72 71 71 71 71 71 71 71 71 12 12 12 12 12 29 223 72 79 65 68 86 90 78 54 75 85 223 223 54 53 60 90 74 97 97 69 100 77 75 75 70 75 85 100 82 253 223 223 223 78 73 263 100 46 85 67 92 99 93 93
49 57 60 95 74 74 90 81 223 223 71 71 71 71 71 71 71 71 71 71 71 71 71 71 71 71 71 71 71 71 71 67 69 71 71 71 71 74 71 71 78 71 71 100 71 71 12 71 71 71 223 223 223 223 223 88 89 70 64 53 91 85 59 223 80 73 91 59 70 86 100 42 87 223 62 76 68 100 84 87 74 94 79 85 223 67 263 263 263 100 97 80 80 94 73 63
49 49 57 85 97 81 98 53 71 71 71 71 71 71 71 71 71 71 71 71 71 71 71 71 71 71 71 71 70 71 71 71 71 71 71 71 71 71 71 71 56 71 73 71 71 71 71 223 223 223 223 223 223 223 223 90 223 223 65 78 71 39 93 97 52 93 95 79 76 74 97 83 83 223 92 87 56 57 53 67 74 223 223 66 100 79 263 263 263 99 223 75 71 82 83 43
52 49 49 83 94 80 84 71 71 55 71 71 71 71 71 71 71 71 71 71 71 71 76 71 71 71 71 71 71 71 71 71 71 71 71 71 71 71 71 71 71 98 84 71 71 71 71 223 223 223 223 223 223 223 223 223 223 223 223 90 74 92 96 69 100 97 85 79 72 69 80 62 95 223 100 92 75 68 78 67 83 223 223 25 263 83 263 263 263 99 233 233 78 82 88 100
72 223 233 233 94 81 86 71 71 71 71 71 71 71 71 71 71 71 71 71 71 73 71 71 71 71 71 71 71 71 71 71 71 71 71 71 71 71 71 71 71 71 71 71 71 71 98 223 223 223 223 223 223 223 223 223 223 223 223 84 243 94 78 85 100 25 99 86 64 67 85 79 88 100 78 87 62 213 81 73 79 70 66 47 70 62 82 223 263 95 87 223 74 84 80 83
93 96 84 100 75 66 71 71 71 78 78 71 71 71 62 71 71 71 71 71 71 71 71 74 71 71 71 71 71 64 71 71 71 71 71 71 71 52 71 71 71 73 72 81 82 100 95 223 223 223 223 75 223 223 223 223 223 223 243 243 243 76 72 62 100 nan nan 81 50 70 88 76 94 100 29 79 100 85 67 76 83 88 223 42 55 70 89 81 90 72 72 223 69 86 91 71
83 83 81 62 78 78 82 71 75 71 71 71 71 71 69 71 64 71 71 71 71 71 67 61 66 70 71 71 71 71 71 71 71 71 71 69 71 71 71 71 84 74 82 80 97 93 25 80 223 223 74 40 64 99 223 223 90 82 243 243 243 98 76 95 100 29 nan 100 nan 100 86 74 100 81 64 72 90 74 70 80 74 76 79 71 63 88 95 89 81 81 82 96 60 79 76 67
99 193 66 69 81 71 71 71 71 71 71 71 70 66 64 71 56 71 71 71 71 71 66 66 65 60 71 71 71 71 71 71 71 71 71 69 71 72 72 72 90 81 85 85 97 223 70 223 223 84 66 91 77 89 85 74 60 71 243 243 243 100 100 100 25 27 27 nan nan 75 87 72 82 55 35 100 28 21 63 85 94 71 87 88 77 86 81 81 78 79 75 82 51 84 89 86
89 66 51 81 98 72 71 64 71 71 71 71 65 72 71 55 59 62 60 71 77 71 58 65 60 60 66 66 66 71 60 71 71 71 71 60 64 71 72 72 81 72 72 88 253 253 253 223 223 223 66 34 92 69 79 79 48 223 243 243 243 88 98 90 84 56 58 61 69 46 68 80 81 100 nan nan nan nan nan nan nan 29 60 43 78 78 73 81 93 80 75 65 85 80 89 93
61 87 76 87 89 71 71 64 67 84 71 81 76 72 72 72 59 72 72 64 58 55 49 51 51 55 72 69 58 69 58 71 71 71 71 71 71 64 72 72 72 72 72 253 253 253 253 223 223 100 83 82 71 73 65 61 80 92 243 243 100 75 79 75 74 79 100 56 69 79 23 100 78 100 18 18 21 nan nan nan nan 3 83 72 87 79 48 72 65 96 92 79 100 253 223 81
76 74 83 96 85 74 72 72 72 72 75 72 73 72 72 72 72 72 72 63 58 58 31 36 62 71 72 72 67 70 71 71 71 71 71 72 72 72 72 72 72 72 72 253 253 253 253 49 73 87 223 68 90 90 90 73 88 223 100 75 78 82 85 80 80 93 58 67 50 72 24 73 90 63 76 68 55 100 nan nan nan 56 83 63 74 80 68 84 88 98 92 65 79 253 223 84
72 74 98 91 69 72 63 57 63 72 67 75 72 72 72 72 72 72 71 66 62 45 56 64 71 72 72 72 68 72 93 71 71 71 71 72 72 72 72 72 72 72 72 72 253 253 100 30 82 72 81 223 223 95 75 73 79 80 35 69 64 84 86 91 100 81 50 50 50 50 64 63 84 52 71 78 63 63 28 100 27 69 84 59 74 64 92 87 67 92 79 84 66 98 92 89
72 72 88 72 72 72 56 60 44 72 72 72 72 72 72 72 72 72 72 69 71 66 62 66 71 72 72 72 72 72 85 72 71 79 71 71 72 72 72 72 82 80 88 72 72 72 89 85 72 72 72 72 84 87 73 82 87 80 83 64 55 75 72 85 89 50 50 50 55 50 50 50 193 58 82 71 66 81 97 92 69 82 88 63 72 76 87 83 67 74 68 80 61 45 89 94
72 72 72 72 72 72 63 72 53 63 72 72 72 72 72 72 72 72 72 72 72 72 72 72 72 72 72 72 72 72 72 72 72 71 71 72 72 72 72 72 72 72 72 72 72 72 72 72 72 72 72 72 223 223 77 72 64 58 79 73 73 75 60 88 263 263 50 50 50 50 50 253 253 94 61 87 74 64 92 69 69 80 56 61 77 82 91 66 62 72 77 77 61 74 84 98
72 72 72 72 72 72 56 55 53 72 72 72 72 72 72 72 72 72 72 72 99 72 65 72 72 72 72 72 72 72 72 72 72 71 71 72 72 72 72 72 72 72 72 72 72 72 72 72 72 72 72 72 223 223 72 72 72 72 86 87 72 86 80 75 263 263 50 50 50 50 50 253 253 253 253 253 75 76 81 68 72 71 69 48 76 100 70 73 86 63 73 67 76 81 100 100
72 72 72 72 72 63 63 55 61 72 72 72 72 72 72 72 72 72 72 72 99 99 72 72 72 72 72 72 72 72 72 72 72 75 81 72 72 72 72 72 72 72 72 72 72 72 72 72 72 72 72 72 100 72 70 72 78 83 93 85 63 73 50 70 263 263 50 50 50 67 67 253 253 253 253 253 223 83 84 54 49 83 67 66 77 69 70 90 72 58 77 73 93 90 86 51
