0_data/processed/rasters/age_l3_sim.asc
ncols        765
nrows        1149
xllcorner    623087.395196044818
yllcorner    6127876.806660227478
cellsize     100.000000000000
NODATA_value  nan
[rows 276 to 321 of 1149, columns 0 to 95 of 765]
nan nan nan nan nan nan nan nan nan nan nan nan nan nan nan nan nan nan nan nan nan nan nan nan 125 125 125 125 125 125 125 125 125 125 125 125 125 125 125 125 125 125 125 125 125 125 125 125 125 125 125 125 193 193 193 193 193 193 193 193 193 100 100 100 100 29 100 213 100 27 100 100 100 100 100 29 100 203 203 203 100 213 213 213 100 100 100 100 100 100 100 203 193 100 100 100
nan nan nan nan nan nan nan nan nan nan nan nan nan nan nan nan nan nan nan nan nan nan nan nan 125 125 125 125 125 41 24 24 125 125 125 125 125 125 125 125 125 125 125 125 125 125 125 125 125 125 125 125 125 193 193 193 193 193 193 193 100 100 100 100 100 100 213 213 100 100 100 243 100 100 100 29 100 203 203 203 213 213 213 213 213 213 213 100 100 100 193 193 193 193 193 193
nan nan nan nan nan nan nan nan nan nan nan nan nan nan nan nan nan nan nan nan nan nan nan nan 125 125 45 125 47 24 24 24 24 24 125 125 125 125 125 125 125 125 125 125 125 125 125 125 125 125 193 193 193 193 193 193 193 193 100 30 100 100 213 100 23 213 213 100 100 100 100 100 243 100 243 100 100 100 203 203 213 213 213 213 213 213 213 100 213 213 193 100 100 203 203 203
nan nan nan nan nan nan nan nan nan nan nan nan nan nan nan nan nan nan nan nan nan nan nan nan 125 125 125 52 24 24 24 24 24 24 125 125 125 125 125 125 125 125 125 125 125 125 125 125 125 125 193 213 213 213 193 213 193 193 193 100 100 100 213 100 24 213 213 213 213 100 100 100 100 100 223 100 25 100 213 213 100 100 213 213 213 213 213 213 183 183 183 183 100 100 100 100
nan nan nan nan nan nan nan nan nan nan nan nan nan nan nan nan nan nan nan nan nan nan nan nan 125 125 125 125 24 24 24 24 24 24 24 125 125 125 125 125 125 125 125 125 125 125 125 125 125 203 203 193 213 213 213 213 213 193 193 193 100 100 100 213 100 213 213 213 213 100 28 100 52 100 193 223 100 25 100 100 213 100 100 193 193 193 213 100 183 183 183 183 183 183 183 183
nan nan nan nan nan nan nan nan nan nan nan nan nan nan nan nan nan nan nan nan nan nan nan nan 125 125 47 125 125 24 24 24 24 24 24 125 125 125 125 125 125 203 203 203 203 203 203 203 203 203 203 193 193 193 193 193 193 193 100 193 203 100 28 100 100 100 213 213 100 52 52 52 52 52 193 223 223 223 223 183 100 100 100 193 183 183 183 183 100 183 183 183 183 183 183 183
nan nan nan nan nan nan nan nan nan nan nan nan nan nan nan nan nan nan nan nan nan nan nan nan 125 125 125 125 125 24 24 24 24 24 24 125 125 125 125 125 203 203 203 203 203 203 203 203 203 203 203 193 193 193 193 193 193 223 100 100 193 203 100 28 100 100 26 52 52 52 52 52 52 52 52 52 100 183 183 183 183 100 100 100 183 183 213 213 183 183 183 183 183 183 183 193
nan nan nan nan nan nan nan nan nan nan nan nan nan nan nan nan nan nan nan nan nan nan nan nan 125 43 125 125 125 24 24 24 24 24 125 125 125 203 203 203 203 203 100 100 203 203 203 203 203 203 203 203 243 243 243 243 243 233 223 100 29 203 203 100 203 203 100 100 183 52 52 52 52 52 52 183 183 183 183 100 183 100 183 183 183 183 183 183 183 183 183 183 183 183 193 193
nan nan nan nan nan nan nan nan nan nan nan nan nan nan nan nan nan nan nan nan nan nan nan nan 41 48 125 125 125 125 125 125 125 24 125 125 183 203 203 203 203 203 203 203 100 100 203 203 203 203 203 203 243 243 243 243 243 243 243 100 100 183 183 183 203 203 203 203 203 52 52 52 52 183 52 183 100 100 100 193 100 100 183 183 183 183 183 183 183 183 183 183 183 183 193 193
nan nan nan nan nan nan nan nan nan nan nan nan nan nan nan nan nan nan nan nan nan nan nan nan 12 125 125 125 125 125 125 125 125 125 30 100 183 183 183 203 203 203 203 203 203 100 100 203 203 203 233 203 203 243 243 243 243 243 243 193 193 183 183 183 183 183 183 183 203 203 52 52 183 183 100 100 100 100 100 193 193 183 183 183 183 183 183 183 183 183 193 183 273 273 193 193
nan nan nan nan nan nan nan nan nan nan nan nan nan nan nan nan nan nan nan nan nan nan nan nan 125 125 125 125 125 125 125 125 100 100 21 100 183 183 183 183 203 203 203 183 183 183 100 100 203 203 203 233 233 233 243 243 243 193 193 193 193 183 183 183 183 183 193 183 193 203 203 183 183 183 100 100 193 193 193 193 213 213 183 183 183 273 183 183 183 183 273 273 273 193 193 193
nan nan nan nan nan nan nan nan nan nan nan nan nan nan nan nan nan nan nan nan nan nan nan nan 125 125 125 125 125 125 49 100 19 100 100 100 183 183 183 183 183 183 183 183 183 183 100 100 203 203 203 203 203 233 203 243 243 193 233 233 233 183 49 49 49 203 203 203 193 193 193 193 183 183 193 193 193 193 193 193 193 213 213 203 273 273 193 193 193 193 273 273 193 193 193 193
nan nan nan nan nan nan nan nan nan nan nan nan nan nan nan nan nan nan nan nan nan nan nan nan 125 125 125 125 125 125 100 100 100 100 24 100 183 183 183 183 183 183 183 183 213 213 213 213 213 253 253 203 203 203 203 193 193 193 233 233 233 49 49 49 49 49 203 203 203 203 193 100 100 100 193 193 193 193 193 193 193 193 203 203 203 203 193 193 193 193 193 193 193 193 193 193
nan nan nan nan nan nan nan nan nan nan nan nan nan nan nan nan nan nan nan nan nan nan nan nan 125 125 125 125 125 45 52 100 23 100 30 25 183 183 183 183 183 183 213 213 213 213 213 213 203 203 203 203 203 203 203 183 183 183 233 233 233 49 49 49 49 49 203 203 203 203 203 100 100 193 193 193 100 100 203 203 203 203 203 203 203 203 203 203 203 203 193 193 193 193 193 193
nan nan nan nan nan nan nan nan nan nan nan nan nan nan nan nan nan nan nan nan nan nan nan nan nan 125 125 125 125 52 100 100 100 100 100 100 100 183 183 183 213 213 213 213 213 213 213 213 213 233 233 203 203 203 203 183 183 183 183 233 213 213 49 49 49 213 203 203 203 203 203 203 203 203 203 203 203 203 203 203 203 203 203 203 203 203 203 203 203 203 203 203 203 193 193 193
nan nan nan nan nan nan nan nan nan nan nan nan nan nan nan nan nan nan nan nan nan nan nan nan nan 125 125 125 125 125 100 100 100 100 100 29 100 183 183 213 203 203 213 213 213 213 213 213 213 213 213 233 233 203 203 183 183 183 183 183 213 213 213 213 49 213 213 203 203 203 203 203 203 203 203 203 203 203 203 203 203 203 203 203 203 203 203 203 203 203 203 203 203 203 203 203
nan nan nan nan nan nan nan nan nan nan nan nan nan nan nan nan nan nan nan nan nan nan nan nan nan 125 125 125 125 125 100 100 100 100 100 100 100 183 183 213 203 203 213 213 213 213 213 213 213 213 213 213 213 213 203 183 183 183 183 183 183 213 213 213 213 213 213 203 203 203 203 203 203 203 203 203 203 203 203 203 203 203 203 203 203 203 203 203 203 203 203 203 203 203 203 203
nan nan nan nan nan nan nan nan nan nan nan nan nan nan nan nan nan nan nan nan nan nan nan nan nan 125 125 125 125 125 29 100 100 100 100 100 100 183 213 203 203 213 213 213 213 213 213 213 213 213 213 213 213 213 213 213 183 183 183 183 183 213 213 213 213 213 213 203 203 203 203 203 203 203 203 203 203 203 203 203 203 203 203 203 203 203 203 203 203 203 203 203 203 203 203 100
nan nan nan nan nan nan nan nan nan nan nan nan nan nan nan nan nan nan nan nan nan nan nan nan nan 125 125 125 125 125 100 100 100 100 100 100 29 213 213 203 203 203 213 203 213 213 203 213 213 213 213 213 213 213 183 213 213 183 183 183 183 183 183 183 213 213 213 203 203 203 203 203 203 203 203 203 203 203 203 203 203 203 203 203 203 203 203 203 203 203 203 203 203 203 203 203
nan nan nan nan nan nan nan nan nan nan nan nan nan nan nan nan nan nan nan nan nan nan nan nan nan 125 125 213 213 213 100 100 23 100 203 100 100 213 213 203 203 203 203 203 203 203 203 203 203 213 213 213 213 213 213 183 183 213 183 183 183 183 183 183 183 213 213 203 203 203 100 203 203 203 203 203 203 203 203 203 203 203 203 203 203 203 203 203 203 203 203 203 203 203 203 203
nan nan nan nan nan nan nan nan nan nan nan nan nan nan nan nan nan nan nan nan nan nan nan nan nan 125 125 213 100 100 100 100 100 100 203 183 183 183 203 203 203 203 203 203 203 203 203 213 203 213 213 213 213 213 213 213 213 213 213 183 183 183 183 183 183 183 183 183 183 183 203 100 203 213 213 203 203 203 203 203 203 203 203 203 203 203 203 203 203 203 203 203 203 203 203 203
nan nan nan nan nan nan nan nan nan nan nan nan nan nan nan nan nan nan nan nan nan nan nan nan nan 125 125 125 100 100 100 24 100 203 203 183 183 183 203 203 203 203 203 203 203 203 203 203 213 213 213 213 213 213 213 213 213 213 213 213 183 183 183 183 183 183 183 183 183 183 183 183 203 203 203 203 203 203 203 203 203 203 203 203 203 203 203 203 203 203 203 203 203 203 203 203
nan nan nan nan nan nan nan nan nan nan nan nan nan nan nan nan nan nan nan nan nan nan nan nan nan 125 125 125 125 125 100 24 100 203 183 183 183 203 203 203 203 203 203 203 203 203 213 213 213 213 213 213 213 213 213 213 213 213 213 213 213 213 183 183 183 183 183 183 183 183 183 183 183 203 183 183 203 203 203 203 203 203 203 203 203 203 203 203 203 203 203 203 203 203 203 203
nan nan nan nan nan nan nan nan nan nan nan nan nan nan nan nan nan nan nan nan nan nan nan nan nan 125 125 125 125 125 100 45 100 203 183 183 100 203 203 203 203 203 203 203 203 203 213 213 213 213 213 213 213 183 183 213 213 213 213 213 213 213 213 183 183 183 183 183 183 183 183 183 183 183 183 183 183 203 203 203 203 203 203 203 203 203 203 203 203 203 203 203 203 203 203 203
nan nan nan nan nan nan nan nan nan nan nan nan nan nan nan nan nan nan nan nan nan nan nan nan nan 125 125 125 125 213 213 45 100 203 100 21 213 203 203 203 203 203 203 203 203 203 213 213 213 213 213 213 183 183 183 183 183 183 183 183 183 183 183 183 183 183 183 183 183 183 183 183 183 183 183 183 183 183 183 183 203 203 203 203 203 203 203 203 203 203 203 203 203 203 203 203
nan nan nan nan nan nan nan nan nan nan nan nan nan nan nan nan nan nan nan nan nan nan nan nan nan 125 213 213 213 213 213 183 100 203 203 8 100 203 203 203 203 203 213 203 203 203 213 213 213 213 213 183 183 183 183 183 183 183 183 183 183 183 183 183 183 183 183 183 183 183 183 183 183 183 183 183 183 183 183 183 183 183 203 203 203 203 203 203 203 203 203 203 203 203 203 203
nan nan nan nan nan nan nan nan nan nan nan nan nan nan nan nan nan nan nan nan nan nan nan nan nan 213 213 183 183 183 183 183 183 100 193 193 100 213 203 203 203 203 203 213 203 183 213 213 183 213 183 183 183 183 183 183 183 183 183 183 183 183 183 183 183 183 183 183 183 183 183 183 183 183 183 183 183 183 183 183 183 183 183 183 203 203 203 203 203 203 203 203 203 203 203 203
nan nan nan nan nan nan nan nan nan nan nan nan nan nan nan nan nan nan nan nan nan nan nan nan nan 125 183 183 183 183 125 125 125 193 193 183 100 183 203 203 203 203 203 213 183 183 183 183 183 183 183 183 183 183 183 183 183 183 183 183 183 183 183 183 183 183 183 183 183 183 183 203 203 203 203 203 193 193 193 183 183 183 183 183 183 183 183 203 203 203 203 203 203 203 203 203
nan nan nan nan nan nan nan nan nan nan nan nan nan nan nan nan nan nan nan nan nan nan nan nan nan 125 125 183 193 125 125 125 125 125 125 183 183 183 183 183 183 183 183 183 193 193 193 183 183 183 183 183 183 183 183 183 183 183 183 183 183 183 183 183 183 183 183 183 183 183 203 203 203 203 203 203 193 193 213 213 213 213 213 183 183 183 183 183 183 183 183 203 203 203 203 203
nan nan nan nan nan nan nan nan nan nan nan nan nan nan nan nan nan nan nan nan nan nan nan nan nan 125 125 183 125 125 125 125 125 125 125 125 183 183 183 183 183 193 193 193 193 193 193 193 183 183 183 183 203 203 203 203 203 203 203 203 203 203 203 203 203 203 183 183 203 203 213 203 203 203 213 213 213 193 213 213 213 213 213 213 213 183 183 183 183 183 183 183 183 183 183 183
nan nan nan nan nan nan nan nan nan nan nan nan nan nan nan nan nan nan nan nan nan nan nan nan nan 125 125 183 125 125 125 125 125 125 125 125 183 183 183 183 193 193 193 193 193 193 193 193 183 183 203 203 203 203 203 203 203 203 203 203 203 203 203 203 203 183 203 213 213 213 213 213 213 213 213 213 213 213 213 213 213 213 213 213 213 213 213 213 183 183 183 183 183 183 183 183
nan nan nan nan nan nan nan nan nan nan nan nan nan nan nan nan nan nan nan nan nan nan nan nan nan 125 125 125 125 125 125 125 125 125 125 125 183 183 183 183 183 183 193 193 193 193 193 183 183 203 203 203 203 203 203 203 203 203 203 203 203 203 203 203 183 183 213 213 213 213 213 213 213 213 213 213 213 213 213 213 213 213 213 213 213 213 213 213 213 183 183 183 183 183 183 183
nan nan nan nan nan nan nan nan nan nan nan nan nan nan nan nan nan nan nan nan nan nan nan nan nan 125 125 125 125 125 125 125 125 125 125 125 183 183 183 183 193 193 193 183 193 183 183 183 203 203 203 203 203 203 203 203 203 203 203 203 203 183 183 183 183 183 203 213 213 213 213 213 213 213 213 213 213 213 213 213 213 213 213 213 213 213 213 213 203 183 183 183 183 183 183 183
nan nan nan nan nan nan nan nan nan nan nan nan nan nan nan nan nan nan nan nan nan nan nan nan nan 125 125 125 125 125 125 125 183 183 125 183 183 183 183 183 193 193 193 193 193 193 193 203 203 203 203 203 203 203 203 203 203 203 203 203 203 203 203 203 203 203 203 203 203 213 213 213 213 213 213 213 213 213 213 213 213 213 213 213 213 213 213 213 183 183 183 183 183 183 183 183
nan nan nan nan nan nan nan nan nan nan nan nan nan nan nan nan nan nan nan nan nan nan nan nan nan 125 125 125 125 125 125 125 183 183 183 183 183 183 183 183 183 193 193 193 193 203 203 203 203 203 203 203 213 203 203 203 203 203 203 203 203 203 203 203 203 203 203 203 203 203 92 92 92 92 92 92 193 213 213 213 213 213 213 213 213 213 213 213 213 213 213 213 213 183 183 183
nan nan nan nan nan nan nan nan nan nan nan nan nan nan nan nan nan nan nan nan nan nan nan nan nan 125 125 125 125 125 125 183 183 183 183 183 183 183 183 183 183 183 183 203 203 203 203 203 203 203 203 203 203 203 203 203 193 193 193 193 193 193 193 193 193 193 193 193 193 193 193 92 92 92 92 92 92 92 193 193 193 193 213 213 213 213 213 213 193 213 213 213 213 213 213 213
nan nan nan nan nan nan nan nan nan nan nan nan nan nan nan nan nan nan nan nan nan nan nan nan nan 125 125 125 125 125 183 183 183 183 183 183 183 183 183 183 183 183 203 203 203 203 203 203 203 203 203 203 203 203 203 193 203 203 203 203 203 203 203 193 193 193 193 193 193 193 193 92 92 92 92 92 92 92 193 193 193 193 193 213 193 193 213 213 213 193 213 213 213 213 193 213
nan nan nan nan nan nan nan nan nan nan nan nan nan nan nan nan nan nan nan nan nan nan nan nan nan 125 125 125 125 125 203 125 125 125 183 183 183 183 183 183 183 183 183 203 203 203 203 203 203 203 203 203 203 203 203 203 203 203 203 203 203 203 193 193 193 193 193 193 193 193 193 92 92 92 92 92 92 92 193 193 193 213 213 213 213 213 213 213 213 213 203 213 213 213 213 213
nan nan nan nan nan nan nan nan nan nan nan nan nan nan nan nan nan nan nan nan nan nan nan nan nan 125 125 125 125 125 125 125 125 125 183 183 183 183 183 183 183 183 183 183 203 203 203 203 203 203 203 203 203 203 203 203 203 203 203 203 203 203 193 193 193 193 193 193 193 193 92 92 92 92 92 92 92 203 213 213 213 213 213 213 213 213 213 213 213 213 203 203 203 203 203 203
nan nan nan nan nan nan nan nan nan nan nan nan nan nan nan nan nan nan nan nan nan nan nan nan nan 125 125 125 125 125 125 125 125 125 203 203 203 183 183 183 183 183 183 203 203 203 203 203 203 203 203 203 203 203 203 203 203 203 203 203 203 203 203 193 193 193 193 193 193 193 193 92 92 92 92 92 92 92 213 213 213 213 213 213 213 213 213 213 213 213 213 213 213 213 213 203
nan nan nan nan nan nan nan nan nan nan nan nan nan nan nan nan nan nan nan nan nan nan nan nan nan 125 125 125 125 125 125 125 125 125 203 203 203 183 183 183 183 183 183 203 203 183 183 183 203 203 203 203 203 203 203 203 203 203 203 203 203 203 193 193 203 193 193 193 193 193 213 213 92 92 92 203 92 203 213 213 213 213 213 213 213 213 213 213 213 213 213 213 213 213 213 213
nan nan nan nan nan nan nan nan nan nan nan nan nan nan nan nan nan nan nan nan nan nan nan nan nan 125 125 125 125 125 125 30 125 183 183 183 183 183 183 183 183 183 183 203 203 203 203 203 203 203 203 203 203 203 203 203 203 203 203 203 203 193 183 203 203 203 203 203 203 213 213 213 183 183 183 183 183 213 213 213 213 213 213 213 213 213 213 213 213 213 213 213 213 203 213 203
nan nan nan nan nan nan nan nan nan nan nan nan nan nan nan nan nan nan nan nan nan nan nan nan nan 125 125 125 125 125 125 100 100 100 100 183 100 183 183 183 183 183 183 203 203 203 203 203 203 203 203 203 183 203 203 203 203 203 203 203 203 203 213 203 203 203 203 203 213 213 213 213 183 183 183 183 183 213 213 213 213 213 213 213 213 213 213 213 213 213 213 213 213 203 203 203
nan nan nan nan nan nan nan nan nan nan nan nan nan nan nan nan nan nan nan nan nan nan nan nan nan 125 125 125 125 125 125 100 100 23 100 100 24 183 183 183 183 183 183 203 203 203 203 203 203 203 203 203 203 203 203 203 203 203 203 203 213 213 203 203 203 203 203 213 213 213 183 183 183 183 183 183 183 183 213 213 213 213 213 213 213 213 213 203 203 203 203 223 223 223 223 223
nan nan nan nan nan nan nan nan nan nan nan nan nan nan nan nan nan nan nan nan nan nan nan nan nan 125 125 125 125 125 125 23 26 26 100 22 100 183 183 183 183 183 183 183 203 203 203 203 203 203 203 203 203 203 203 203 203 203 183 183 213 213 203 203 203 203 213 213 183 183 183 183 183 183 183 183 183 183 203 203 203 213 213 213 213 213 203 203 203 203 203 223 223 223 223 223
nan nan nan nan nan nan nan nan nan nan nan nan nan nan nan nan nan nan nan nan nan nan nan nan nan nan 125 125 125 125 100 100 100 26 100 100 183 183 183 183 183 183 183 183 183 183 183 203 203 203 203 203 203 203 203 203 203 203 203 203 203 203 203 183 203 183 183 183 183 183 183 183 183 183 183 193 193 193 213 213 213 213 213 213 213 213 203 203 203 203 203 203 203 203 203 203
