0_data/processed/rasters/age_l3_sim.asc
ncols        765
nrows        1149
xllcorner    623087.395196044818
yllcorner    6127876.806660227478
cellsize     100.000000000000
NODATA_value  nan
[rows 368 to 413 of 1149, columns 384 to 479 of 765]
121 208 nan nan nan nan 100 100 57 85 121 121 121 121 121 121 121 80 84 121 121 121 121 121 121 121 121 121 100 183 121 121 121 121 183 nan nan nan nan nan nan nan nan nan nan nan nan nan nan nan nan nan nan nan nan nan nan nan nan nan nan nan nan nan nan nan nan nan nan nan nan nan nan nan nan nan nan nan nan nan nan nan nan nan nan nan nan nan nan nan nan nan nan nan nan nan
121 121 22 nan nan nan 85 85 64 85 121 121 121 121 91 121 79 83 76 86 121 121 121 121 121 121 121 121 100 121 183 121 121 121 183 nan nan nan nan nan nan nan nan nan nan nan nan nan nan nan nan nan nan nan nan nan nan nan nan nan nan nan nan nan nan nan nan nan nan nan nan nan nan nan nan nan nan nan nan nan nan nan nan nan nan nan nan nan nan nan nan nan nan nan nan nan
89 121 121 100 121 100 99 76 64 71 71 121 121 121 82 71 67 83 203 75 62 121 121 121 121 121 121 121 121 121 183 121 121 183 183 nan nan nan nan nan nan nan nan nan nan nan nan nan nan nan nan nan nan nan nan nan nan nan nan nan nan nan nan nan nan nan nan nan nan nan nan nan nan nan nan nan nan nan nan nan nan nan nan nan nan nan nan nan nan nan nan nan nan nan nan nan
121 121 121 100 121 100 90 90 121 121 100 34 121 121 121 79 78 79 52 72 71 121 121 121 121 121 121 121 121 100 183 121 121 121 183 nan nan nan nan nan nan nan nan nan nan nan nan nan nan nan nan nan nan nan nan nan nan nan nan nan nan nan nan nan nan nan nan nan nan nan nan nan nan nan nan nan nan nan nan nan nan nan nan nan nan nan nan nan nan nan nan nan nan nan nan nan
121 121 99 100 100 100 40 76 75 90 57 121 121 121 121 121 90 76 59 80 72 121 34 121 121 121 121 121 29 100 183 183 121 183 183 nan nan nan nan nan nan nan nan nan nan nan nan nan nan nan nan nan nan nan nan nan nan nan nan nan nan nan nan nan nan nan nan nan nan nan nan nan nan nan nan nan nan nan nan nan nan nan nan nan nan nan nan nan nan nan nan nan nan nan nan nan
121 121 121 100 100 82 75 82 75 68 37 121 121 121 121 121 121 92 55 76 80 121 100 100 100 72 68 100 100 183 183 183 183 183 183 nan nan nan nan nan nan nan nan nan nan nan nan nan nan nan nan nan nan nan nan nan nan nan nan nan nan nan nan nan nan nan nan nan nan nan nan nan nan nan nan nan nan nan nan nan nan nan nan nan nan nan nan nan nan nan nan nan nan nan nan nan
121 121 121 96 100 28 74 69 38 45 41 29 37 121 121 121 121 100 40 69 88 100 100 100 100 95 75 100 121 121 183 183 183 183 183 nan nan nan nan nan nan nan nan nan nan nan nan nan nan nan nan nan nan nan nan nan nan nan nan nan nan nan nan nan nan nan nan nan nan nan nan nan nan nan nan nan nan nan nan nan nan nan nan nan nan nan nan nan nan nan nan nan nan nan nan nan
121 121 121 96 22 100 69 121 121 121 33 33 29 121 121 121 121 100 26 121 121 100 100 121 121 100 100 121 121 121 100 100 183 183 183 nan nan nan nan nan nan nan nan nan nan nan nan nan nan nan nan nan nan nan nan nan nan nan nan nan nan nan nan nan nan nan nan nan nan nan nan nan nan nan nan nan nan nan nan nan 88 88 88 50 43 43 40 121 121 121 121 121 121 121 121 100
121 121 121 121 22 100 121 89 34 38 35 121 39 121 121 121 121 121 121 100 100 121 121 121 121 100 121 121 121 121 121 183 183 183 183 nan nan nan nan nan nan nan nan nan nan nan nan nan nan nan 223 223 223 223 223 223 223 223 223 223 223 223 223 223 121 121 121 121 121 121 100 100 121 121 121 243 263 263 263 121 88 88 88 88 121 49 50 35 46 121 121 121 121 121 121 100
121 121 121 121 100 121 121 121 121 39 33 121 41 121 121 121 121 121 121 121 100 121 121 121 121 100 121 121 121 121 121 183 183 183 121 121 121 183 121 121 121 121 121 121 121 121 121 121 121 40 223 223 223 223 223 223 223 223 223 223 223 223 223 121 121 121 121 121 121 121 29 100 121 121 121 263 121 263 121 88 88 88 121 88 30 121 50 47 121 121 121 121 43 44 121 121
121 121 121 121 100 121 121 121 46 121 121 121 39 121 121 121 121 121 121 121 100 100 121 121 100 121 121 121 121 121 121 121 183 183 183 121 121 183 121 121 82 121 121 121 121 121 121 121 121 121 223 223 223 223 223 223 223 223 223 223 121 121 121 121 121 223 223 121 121 100 24 100 121 121 121 121 121 121 59 88 88 88 121 121 121 121 121 121 121 121 121 121 44 38 121 121
121 121 121 121 28 100 121 92 83 121 121 121 121 121 121 121 121 121 121 100 100 100 100 100 100 100 121 263 121 121 121 121 121 121 121 121 121 121 121 100 121 121 121 121 121 121 100 100 100 121 223 223 223 223 223 223 223 223 223 223 223 223 223 223 223 223 223 223 100 100 100 121 121 121 263 121 121 121 121 88 88 88 121 121 121 121 121 121 121 121 47 51 44 45 32 121
121 121 121 100 100 92 86 100 121 121 121 121 121 121 121 121 121 121 121 100 100 100 100 100 100 100 100 263 100 100 121 121 121 121 121 121 121 121 121 121 100 121 121 121 121 121 100 100 100 223 223 223 223 223 223 223 223 223 223 223 223 121 121 121 223 223 223 100 100 100 121 121 121 121 121 121 100 100 121 263 121 92 121 121 121 121 121 121 121 121 41 40 40 43 121 121
121 121 70 100 56 63 84 81 121 121 121 100 121 193 193 121 193 121 100 100 100 100 100 100 100 100 100 100 263 121 121 121 121 121 121 121 121 121 121 121 100 121 121 121 121 100 21 30 100 223 223 223 223 223 223 223 223 223 223 223 223 223 121 121 223 100 28 100 100 121 121 121 121 121 100 100 100 121 263 263 121 121 49 82 121 121 121 121 121 49 34 32 44 44 38 121
121 70 58 77 64 62 69 64 70 100 100 121 100 100 100 193 193 193 193 100 100 100 100 100 100 100 100 121 263 121 121 121 121 121 121 121 121 121 121 121 121 121 121 121 121 100 43 30 223 223 223 223 223 223 223 223 223 223 223 223 121 223 223 121 100 100 100 223 121 121 121 121 121 121 100 100 100 121 263 263 263 121 121 44 59 97 121 121 121 121 223 223 46 38 44 121
121 79 58 75 57 50 75 68 86 100 100 100 121 100 100 100 193 193 193 100 100 100 100 100 100 100 100 121 121 121 121 121 121 121 121 121 121 121 48 51 121 121 121 121 48 100 46 100 223 223 223 223 223 223 223 223 223 223 223 223 223 223 223 121 100 100 223 121 121 121 121 121 121 31 121 100 100 121 121 263 263 263 121 121 35 121 42 77 121 121 121 223 48 44 41 121
81 79 82 99 84 60 75 121 100 100 100 100 121 100 100 100 193 193 100 100 100 100 100 100 100 100 121 121 121 121 121 121 121 121 121 121 49 82 58 121 121 121 121 193 49 45 51 121 223 223 223 223 223 223 223 121 223 223 223 223 223 121 121 121 100 223 121 121 121 121 121 121 100 100 121 121 35 121 121 121 121 121 263 121 44 35 33 34 100 41 223 223 48 37 28 50
80 97 100 82 80 69 93 100 100 100 100 100 100 100 100 100 100 100 100 100 100 100 100 100 100 100 100 100 121 121 121 121 121 121 121 121 92 71 71 121 121 51 42 50 47 44 100 121 121 223 223 223 223 223 121 223 223 223 223 223 223 121 121 100 223 223 121 121 121 121 46 100 100 100 100 121 33 121 121 121 121 121 121 121 121 33 50 93 71 46 223 223 121 44 27 42
100 100 100 97 83 83 94 121 100 100 100 100 100 100 100 100 100 100 100 100 100 100 121 121 100 100 100 100 100 121 121 121 121 121 121 121 121 88 80 121 223 121 47 37 42 49 100 121 121 121 223 223 223 223 121 121 223 223 223 121 121 121 100 121 121 121 121 121 121 121 35 100 121 121 121 121 31 38 121 121 121 121 121 121 121 35 43 48 42 88 223 223 223 223 29 35
100 100 94 75 85 95 121 121 100 100 121 100 100 100 100 100 100 100 100 100 100 100 100 121 100 100 100 100 100 100 121 121 121 92 92 121 121 121 121 121 223 50 47 47 42 36 121 121 121 223 223 223 223 223 223 223 223 223 223 121 121 100 100 121 121 121 121 121 243 243 121 121 121 121 121 121 121 121 66 71 121 121 121 121 121 121 39 40 121 121 97 223 223 223 40 51
94 88 91 78 84 81 94 100 100 121 121 100 100 100 100 100 121 121 100 100 121 100 100 100 100 100 100 100 100 100 100 100 121 121 121 121 121 121 121 263 223 47 121 39 50 50 121 223 121 223 223 223 223 223 223 121 121 223 121 121 100 100 121 100 100 243 243 243 243 121 39 100 100 121 121 121 121 121 121 86 86 121 121 121 47 47 44 121 121 51 50 66 121 121 41 51
82 121 91 80 121 95 36 100 92 75 100 100 100 100 100 100 121 121 100 100 100 100 100 100 100 100 100 121 121 100 121 121 99 121 121 223 233 121 121 223 39 121 49 47 51 48 121 223 121 121 223 223 223 223 223 121 121 121 121 100 100 121 121 100 60 243 243 243 243 41 42 121 61 39 83 121 121 263 121 121 43 121 121 36 36 47 39 39 48 48 40 48 40 49 39 41
121 121 121 121 121 121 121 121 100 100 100 100 100 100 100 121 121 121 121 100 100 100 121 100 100 100 100 100 121 121 121 121 121 121 121 121 121 121 121 121 46 121 46 37 37 39 223 223 121 121 223 223 223 223 223 121 121 121 100 100 100 100 100 121 121 121 121 71 142 36 121 121 53 48 58 59 80 85 121 121 121 121 121 39 121 49 46 39 44 48 36 41 38 62 42 37
121 121 121 193 193 193 193 193 121 100 100 100 100 121 121 121 121 121 100 100 100 100 121 100 100 100 100 100 100 100 121 121 121 121 121 121 223 223 223 121 48 49 45 44 50 39 223 223 121 121 121 223 223 223 223 121 100 100 100 100 100 100 100 121 121 121 121 66 48 36 86 121 62 66 76 82 121 60 85 121 121 121 121 121 121 47 40 45 38 50 121 121 44 121 97 44
121 121 121 121 121 193 193 193 121 121 100 100 100 121 121 121 121 44 100 100 100 100 100 121 100 100 100 100 100 121 121 121 121 121 223 223 121 121 121 46 121 46 26 47 44 21 223 223 121 121 223 223 223 223 121 24 23 28 100 100 121 100 121 121 121 121 121 121 51 45 70 85 65 93 72 121 75 31 47 263 263 121 121 121 43 34 38 121 121 40 38 34 31 49 121 121
100 100 121 223 121 121 121 121 121 121 121 121 100 100 121 121 46 36 100 121 121 121 121 100 100 121 100 100 100 121 121 121 121 223 121 223 121 121 121 121 121 48 121 121 51 34 223 223 223 121 223 223 121 121 30 100 22 100 100 121 100 100 121 121 121 121 45 121 121 47 58 59 96 67 75 121 84 53 63 71 121 121 121 121 121 121 32 36 36 48 48 49 44 41 121 121
100 100 100 121 121 121 100 121 121 193 121 121 121 121 121 51 121 121 100 121 121 121 121 121 121 121 121 100 121 121 121 121 121 223 223 121 44 33 121 121 38 121 121 121 121 121 223 223 223 121 121 121 100 100 30 100 100 100 100 100 100 100 121 39 44 41 121 121 51 49 75 121 121 81 121 121 263 81 86 66 43 121 121 121 121 121 121 121 121 121 121 121 121 121 121 121
100 100 100 100 121 121 100 100 193 193 193 193 193 121 121 121 121 100 100 121 121 121 121 121 121 121 121 121 121 121 121 121 193 223 223 47 45 51 121 121 40 121 121 121 121 100 100 121 121 100 100 100 100 100 100 100 100 100 121 100 100 121 46 121 44 121 121 121 51 56 75 121 121 121 121 121 263 81 67 68 45 121 121 121 121 121 121 121 121 121 121 121 121 121 121 121
100 121 121 100 100 121 100 100 193 193 193 193 193 193 121 121 100 30 100 121 121 121 121 121 121 121 121 121 121 121 121 121 193 223 223 121 45 121 121 121 121 121 121 121 121 100 100 100 100 100 100 100 100 100 100 100 100 121 121 121 121 121 121 121 121 121 121 121 121 50 65 121 263 121 121 59 75 71 48 58 121 121 121 121 121 121 121 121 121 121 121 42 46 121 121 121
69 61 121 100 25 23 100 100 100 193 193 193 193 193 121 97 100 100 121 121 121 121 36 121 121 121 121 121 121 121 121 193 193 223 223 121 121 121 223 121 121 121 100 100 100 100 100 30 29 100 100 100 100 100 121 121 121 121 121 121 121 121 121 121 121 121 121 121 121 121 74 92 121 121 121 263 100 69 78 92 121 121 121 121 121 121 121 121 121 121 121 41 49 121 121 121
121 121 121 100 100 20 100 100 100 193 193 193 121 193 121 121 100 100 121 121 121 121 46 121 121 121 121 121 121 100 121 193 193 223 223 121 121 121 223 121 100 100 24 100 26 21 100 25 100 100 100 100 121 121 121 121 121 121 121 121 121 100 121 121 121 121 121 75 121 121 88 92 121 263 263 243 243 71 78 121 121 121 121 121 121 121 121 121 121 121 121 121 121 121 121 121
193 121 100 100 21 21 100 100 100 100 121 193 193 193 193 121 121 121 121 30 121 121 47 121 121 121 121 121 121 100 121 193 193 223 223 223 121 100 100 100 100 100 100 100 100 27 100 29 100 121 121 121 100 100 100 100 100 121 121 121 121 121 121 121 121 121 121 121 121 77 82 95 121 263 74 97 243 243 263 121 121 121 121 100 121 121 121 100 100 121 121 121 121 121 50 121
100 100 100 100 100 27 100 27 27 100 100 193 193 121 121 121 121 121 121 121 121 121 46 121 121 121 121 121 121 100 121 121 193 100 100 100 100 100 100 100 100 100 100 100 100 100 100 100 100 100 121 121 121 100 100 121 100 100 100 100 121 121 121 121 121 121 82 121 121 121 81 72 81 223 223 98 243 243 263 121 121 121 121 100 121 121 121 100 121 121 121 121 121 121 46 50
100 100 100 100 100 100 26 23 100 100 100 193 193 121 121 121 100 121 121 121 121 121 121 121 121 121 121 121 121 121 121 121 100 30 100 100 100 100 100 100 100 24 100 100 100 100 100 100 100 100 100 100 100 100 100 121 121 121 100 100 121 121 121 121 121 121 121 121 121 69 72 78 78 243 223 97 243 243 243 121 121 100 121 121 121 121 100 100 121 121 121 121 121 44 121 50
100 100 100 100 100 100 100 29 28 100 100 100 121 121 98 223 223 121 223 223 223 121 121 121 121 121 121 121 121 121 121 100 100 100 223 100 100 100 121 121 100 30 100 100 100 100 100 100 121 100 121 100 100 100 100 100 121 121 121 121 121 121 121 121 121 121 121 121 121 76 67 81 121 90 223 243 243 243 243 100 100 100 121 121 121 121 121 121 24 121 121 121 121 46 46 36
14 100 28 100 100 213 100 100 28 36 63 40 100 99 98 223 121 121 121 121 121 121 121 121 121 121 121 121 121 100 100 100 100 100 223 223 223 121 121 121 121 100 100 100 100 100 100 100 100 121 100 121 100 100 100 100 100 121 100 121 121 121 121 121 121 121 121 121 121 121 87 69 121 121 100 100 29 100 100 100 100 100 100 100 121 121 121 121 121 30 121 121 121 121 223 121
121 121 100 100 100 100 100 24 100 100 64 100 80 98 121 121 121 100 100 121 44 44 37 43 121 121 100 100 100 100 100 121 121 121 121 100 121 121 121 121 121 100 27 100 100 29 121 100 27 121 121 121 100 100 100 100 100 100 100 100 121 121 121 121 121 121 121 121 121 121 79 58 62 26 100 24 100 100 100 100 100 100 100 28 121 121 121 121 121 121 121 121 121 223 223 121
121 121 100 100 100 100 100 100 100 68 100 100 82 121 121 100 100 100 36 39 35 44 43 47 121 121 100 121 121 121 121 121 121 121 121 100 100 121 121 121 121 121 100 100 100 100 121 121 121 100 121 121 121 100 121 28 121 121 23 121 121 121 121 121 121 121 121 121 121 121 121 100 100 100 100 100 100 100 30 100 100 100 25 28 121 121 121 121 121 28 121 121 47 223 121 121
121 100 100 100 100 100 100 100 121 41 41 74 64 28 100 40 100 100 100 100 121 46 121 121 100 100 121 121 121 121 121 121 121 121 121 121 100 121 121 121 121 121 100 100 100 100 100 121 121 121 121 121 121 121 121 121 121 100 100 100 121 121 121 121 121 121 121 121 121 121 100 100 100 23 28 100 100 100 100 100 100 100 27 121 121 121 121 121 121 121 121 47 223 223 223 223
121 100 121 121 72 36 59 70 121 121 100 100 121 100 100 100 100 100 100 100 100 100 26 100 100 121 121 121 121 121 121 121 121 121 121 121 100 121 121 121 121 121 121 100 100 28 27 100 121 121 121 121 121 121 121 121 100 100 121 121 121 121 121 121 85 81 121 121 121 100 18 100 100 100 28 100 100 100 27 22 100 100 100 121 121 121 121 121 121 121 121 121 223 223 223 223
121 121 121 100 57 46 70 70 81 121 100 26 100 100 100 100 100 100 100 121 100 121 121 121 121 51 121 121 121 121 100 121 121 121 121 121 121 121 121 121 121 121 121 25 100 100 100 30 100 100 121 121 121 121 121 121 121 121 121 121 121 121 121 121 121 121 100 100 100 100 223 22 100 100 20 100 100 30 28 20 100 100 121 121 121 121 121 121 121 223 121 121 121 121 121 223
121 121 121 121 97 82 203 70 69 100 100 100 100 100 163 163 163 163 121 121 121 121 121 121 37 121 121 121 121 121 121 121 121 121 121 121 121 100 121 121 121 121 121 100 100 223 30 100 100 100 100 233 100 100 121 121 121 121 121 121 121 121 121 121 121 100 100 100 100 223 223 223 100 100 24 30 100 27 24 23 100 100 121 121 121 121 223 223 223 121 121 121 121 121 121 223
67 100 121 121 67 223 52 53 74 34 100 100 100 100 100 163 163 163 163 121 121 121 121 121 25 121 37 121 121 121 100 100 121 100 121 121 121 100 121 121 121 121 121 100 100 223 100 26 100 100 100 233 100 100 29 100 121 121 121 121 121 121 121 100 28 100 100 223 223 223 223 223 100 100 100 100 100 23 24 100 100 121 121 121 121 223 121 223 223 121 121 121 121 121 223 223
76 81 100 121 121 60 61 50 58 67 163 163 100 163 163 163 163 163 163 163 163 121 121 121 121 121 28 121 121 121 100 100 100 121 121 121 121 100 121 121 121 121 121 121 100 223 223 100 100 100 100 233 100 28 100 100 121 121 121 121 121 121 100 100 100 100 223 223 223 223 100 100 100 100 100 22 100 30 100 25 100 121 121 121 121 121 121 223 121 121 121 121 121 121 223 223
100 100 50 100 100 80 56 32 71 163 163 100 163 163 163 163 163 163 163 163 163 163 121 121 121 121 50 121 121 121 121 121 121 121 121 121 121 121 121 121 121 121 121 121 100 223 223 100 100 100 100 233 233 100 100 100 121 121 121 121 121 100 100 223 223 223 223 223 100 28 100 28 23 100 100 28 100 100 100 100 100 121 121 121 121 121 121 121 121 243 121 121 121 121 223 223
100 50 100 100 100 100 68 61 50 121 100 100 163 163 163 163 163 163 163 163 163 163 121 121 121 121 121 121 121 121 121 121 121 121 121 121 121 121 121 121 121 121 121 121 121 100 223 223 233 233 233 233 121 121 121 121 121 121 121 121 121 100 100 223 100 100 100 100 27 100 100 100 28 100 100 30 29 26 100 100 100 121 100 121 121 121 121 121 121 243 243 121 121 121 49 77
